100 10 878272350 5770 0
10 88 97 91 74 61 36 82 2 37 92 88 17 10 5 71 95 54 11 74 90 41 64 41 64 74 55 91 77 14 81 41 87 6 37 17 91 2 21 86 73 29 71 29 93 74 7 46 18 47 98 60 97 51 53 98 33 14 29 29 48 20 23 79 62 23 55 23 61 65 80 25 52 32 82 31 72 61 35 86 48 16 47 25 27 73 53 99 65 61 66 43 82 26 10 37 41 82 29 20
2 17 16 54 79 19 11 22 66 17 38 50 91 5 76 33 17 93 47 76 32 12 4 66 44 71 98 28 63 10 7 74 60 76 11 99 65 79 67 85 39 57 17 61 62 28 18 24 44 15 19 64 22 40 97 3 75 98 28 41 33 68 45 33 14 30 31 1 83 18 70 85 89 79 67 75 76 83 84 28 15 61 65 59 93 7 98 31 46 43 5 52 39 87 11 15 88 95 97 71
24 23 76 12 79 15 91 33 25 2 71 56 80 27 26 35 92 93 1 5 24 17 18 23 1 3 98 86 93 57 87 80 25 84 20 44 73 72 60 78 9 41 37 45 85 34 60 1 59 90 93 74 64 76 11 93 79 23 76 36 52 32 36 76 10 88 70 59 17 18 96 55 73 27 71 81 16 5 98 81 94 36 49 99 71 21 33 49 5 4 14 8 62 47 52 35 47 50 38 47
26 66 67 53 72 90 45 61 59 93 28 89 31 67 3 54 7 44 18 21 11 94 42 98 7 22 46 66 45 61 84 28 60 95 53 51 20 44 93 30 81 67 82 73 45 79 93 32 79 63 89 27 48 35 69 2 38 72 60 48 85 40 73 26 11 91 99 45 77 66 20 69 53 42 92 95 21 54 60 26 93 1 83 58 56 51 2 63 40 75 49 27 98 55 24 96 39 64 18 25
50 7 78 86 96 56 34 36 2 44 24 62 77 89 86 93 29 23 26 18 77 69 81 42 98 60 51 44 93 76 83 36 2 22 74 88 40 77 15 90 45 7 79 63 5 56 83 15 59 93 25 26 92 89 31 20 22 93 76 88 64 21 9 91 29 2 17 83 9 68 16 72 15 93 81 91 80 8 82 54 63 8 35 87 10 30 90 64 23 79 70 15 88 94 18 3 34 29 69 83
88 71 29 95 26 45 5 53 16 29 79 39 32 85 16 49 32 4 37 10 12 28 11 89 81 13 72 67 11 72 17 11 23 54 33 22 42 16 56 61 9 70 66 48 18 95 99 16 80 82 50 18 51 96 60 24 68 44 98 82 73 78 2 93 99 95 75 71 23 28 12 77 98 8 12 76 6 35 45 7 49 51 21 7 78 12 2 14 82 2 90 20 16 30 7 69 24 94 32 11
50 34 61 12 61 32 34 29 22 50 36 26 59 43 61 90 14 81 35 17 90 89 75 48 88 88 48 37 38 48 91 73 53 52 86 91 99 45 30 84 72 38 6 42 50 85 13 18 68 19 64 68 62 70 43 30 31 43 53 26 13 67 84 2 42 42 47 58 78 58 59 88 24 47 9 27 48 42 96 81 44 46 41 34 4 86 98 59 10 84 71 24 41 37 42 43 8 80 29 96
87 84 29 78 85 10 55 90 64 2 92 17 90 70 11 50 7 27 54 79 69 83 92 14 58 82 5 3 80 59 15 40 95 47 25 98 63 64 94 11 65 81 39 17 12 10 78 82 5 29 53 21 56 80 34 55 70 43 87 88 16 26 18 95 27 24 22 39 39 38 71 51 49 78 53 73 28 83 57 72 42 51 51 49 7 24 13 68 16 6 65 77 99 68 46 16 71 97 47 81
17 84 5 47 8 40 29 79 63 64 43 83 88 25 76 13 71 74 60 54 29 93 7 25 33 92 36 26 69 25 24 70 19 56 84 46 18 50 12 61 12 52 14 30 35 15 17 36 1 51 46 42 25 75 49 23 26 86 52 59 40 23 54 4 38 28 37 61 18 5 51 21 11 71 46 12 32 11 48 85 83 84 78 80 4 11 19 56 56 53 45 27 49 98 81 11 21 55 14 84
19 30 87 81 36 31 26 16 1 83 65 38 53 96 14 74 58 99 93 27 24 16 72 58 4 85 32 84 3 77 45 6 37 89 51 96 14 82 54 84 76 37 18 1 80 6 40 47 79 89 7 70 43 81 68 64 76 87 57 88 23 84 46 18 54 13 38 71 22 44 46 17 43 6 8 81 14 74 84 70 88 24 20 70 85 6 57 45 32 30 15 21 28 40 27 22 93 46 66 49
