100 20 715671442 6286 0
25 55 23 52 15 70 84 96 36 50 10 62 78 81 61 33 89 57 70 17 57 71 50 42 95 20 1 29 24 22 42 42 26 85 64 52 83 91 9 41 65 87 86 27 56 31 94 66 90 37 18 3 82 27 29 74 59 85 7 44 48 35 41 85 8 82 56 52 12 26 38 53 75 71 1 53 27 75 48 14 82 54 7 73 19 65 80 33 16 51 98 82 29 50 64 44 44 42 47 76
34 10 85 9 44 74 13 15 38 2 46 38 96 7 30 30 61 86 47 80 7 23 36 75 27 24 65 63 58 33 48 89 2 66 74 14 51 52 66 66 19 63 31 2 89 29 99 43 14 78 82 96 63 16 53 45 33 20 18 99 41 38 71 24 18 69 56 80 53 69 97 75 24 88 92 67 56 27 24 96 55 92 42 66 93 98 87 29 22 41 6 13 17 58 58 31 44 18 52 35
71 53 24 90 94 39 43 11 90 37 86 96 11 70 90 66 98 59 42 91 77 65 35 65 29 47 58 55 22 67 27 49 79 46 69 83 13 47 52 37 43 84 4 84 49 32 4 87 55 97 18 70 62 24 13 91 82 54 35 71 95 99 90 40 21 86 51 25 32 53 27 50 67 36 76 38 74 13 44 95 99 64 41 86 25 74 15 89 8 33 16 78 57 47 24 20 24 88 73 52
56 28 9 3 50 37 13 62 48 62 23 59 37 10 8 84 99 24 46 19 86 69 9 47 29 75 67 52 14 98 12 60 81 19 40 49 97 21 11 42 71 98 33 16 24 14 76 28 12 79 90 16 74 35 47 34 2 90 65 12 78 80 56 55 74 16 71 32 3 78 30 10 78 79 64 44 44 20 2 66 98 38 6 8 39 90 66 47 80 26 61 17 68 17 85 64 76 39 8 14
26 88 21 35 66 65 61 65 8 37 94 18 76 56 53 70 13 63 10 36 49 81 44 64 50 13 21 38 95 78 4 11 46 68 70 87 54 83 34 85 9 69 5 7 99 99 66 40 72 67 60 99 92 11 43 85 6 82 30 56 60 53 97 45 4 43 54 36 7 4 59 44 94 59 42 71 25 31 69 80 53 70 87 86 46 94 65 31 72 58 24 40 25 74 34 75 49 79 89 27
51 96 81 68 14 7 29 75 94 82 31 25 26 16 51 94 38 30 31 92 67 84 98 34 32 63 38 46 18 96 40 48 64 97 92 40 54 56 11 72 59 85 39 32 11 94 84 22 24 43 37 93 57 37 87 59 64 72 62 4 68 20 75 74 37 18 50 17 18 3 7 25 8 37 92 41 5 30 11 99 65 78 59 45 61 10 12 7 73 99 48 84 74 89 27 73 26 18 74 7
1 78 32 5 56 79 88 74 13 41 90 94 87 31 51 94 87 31 73 79 42 73 96 89 58 24 22 71 52 61 60 22 98 6 42 50 91 83 35 42 26 63 40 53 92 59 40 79 42 52 58 78 83 88 98 79 22 24 93 75 44 74 40 27 7 51 75 96 84 1 34 55 70 86 23 11 25 28 60 50 89 80 84 44 74 30 90 69 3 77 64 93 31 27 99 16 3 78 59 91
50 60 7 98 87 86 95 68 22 42 21 37 37 45 5 47 33 90 94 9 95 29 3 26 16 24 93 46 16 27 80 27 55 97 22 47 54 28 40 98 88 21 12 34 85 86 16 30 12 86 20 18 1 5 48 11 74 8 6 9 76 29 49 98 37 17 37 64 71 71 30 80 58 33 19 82 27 78 31 44 72 63 8 33 91 48 39 34 29 21 79 68 93 25 80 54 38 47 74 12
81 19 16 98 29 48 69 82 80 59 35 17 41 5 27 76 38 53 70 16 76 6 43 59 70 15 90 39 12 51 50 41 14 57 65 78 76 12 2 67 85 14 79 47 52 5 27 56 61 63 63 36 99 92 60 78 7 69 82 76 58 27 53 42 70 85 34 53 52 33 47 4 42 27 78 35 69 32 62 95 73 96 6 82 98 14 28 43 54 55 18 52 83 8 30 90 92 88 19 62
68 47 28 17 92 38 5 1 80 26 15 94 16 97 75 95 52 35 12 54 32 9 69 34 83 11 21 55 73 93 55 40 28 15 93 21 59 39 36 34 81 66 40 1 51 23 76 14 51 78 2 38 79 15 85 35 14 56 86 17 62 49 81 37 41 39 14 79 20 72 16 1 76 77 22 99 17 92 39 60 31 45 81 14 53 3 25 81 42 52 37 59 70 39 14 29 75 25 27 24
38 22 19 14 9 69 59 14 73 2 87 32 62 30 55 68 20 67 60 80 3 26 88 18 26 91 9 99 46 86 75 91 27 52 6 18 2 20 97 67 35 66 19 87 12 34 56 5 74 63 36 78 1 53 98 10 13 38 56 10 33 91 77 45 3 83 93 96 16 27 48 10 37 20 24 40 70 39 63 41 81 92 38 21 33 91 52 11 96 32 84 29 20 2 92 13 47 78 5 75
97 1 85 33 39 15 66 14 78 35 18 79 87 63 60 6 10 82 98 85 13 46 41 84 24 18 28 64 21 5 97 2 13 13 40 44 91 99 41 12 26 69 73 96 90 46 66 66 46 65 84 98 86 94 32 35 45 36 78 56 30 14 8 13 39 18 20 91 33 49 51 48 94 59 88 41 12 50 64 44 64 66 70 66 40 20 99 23 82 4 62 49 75 91 76 54 57 45 54 56
1 77 49 55 73 52 16 24 68 69 4 94 10 83 14 99 20 16 56 6 15 88 15 44 74 9 18 78 33 73 45 27 51 27 30 81 42 49 3 31 71 81 93 71 1 9 47 26 42 43 6 85 90 71 3 31 98 82 4 44 65 7 48 84 97 50 10 5 55 99 93 75 23 81 13 43 6 67 76 31 16 6 60 54 12 10 57 88 23 75 71 74 11 48 41 63 36 7 79 66
93 24 67 26 40 78 82 76 80 30 65 55 16 98 78 1 7 29 72 39 90 46 13 87 32 85 88 24 72 39 91 1 78 53 66 18 96 31 22 16 29 69 49 26 85 56 75 96 87 10 79 68 69 56 35 71 72 60 80 7 28 67 77 99 24 63 59 85 12 76 87 28 82 77 75 66 97 42 25 53 70 39 91 1 7 44 21 53 98 4 69 50 90 62 4 70 92 85 13 46
87 4 43 32 5 28 82 71 26 12 11 90 43 7 69 8 9 49 53 67 75 98 61 58 24 39 83 88 46 15 69 76 29 22 99 91 7 76 12 51 72 92 93 74 9 66 19 89 59 60 28 14 54 56 7 52 11 92 35 43 29 45 36 82 28 35 68 65 84 44 41 33 19 8 41 35 95 27 2 41 33 47 2 62 51 45 82 3 73 3 79 23 52 12 59 15 17 64 97 27
98 11 92 66 45 5 23 84 74 31 2 68 20 69 5 31 19 8 40 95 45 51 76 60 29 45 7 48 37 65 54 58 82 22 39 64 91 27 81 61 67 80 78 30 7 51 69 48 66 43 61 11 94 83 89 85 11 19 87 83 41 59 17 59 43 85 30 40 94 82 31 73 24 62 95 96 33 42 48 13 40 73 53 71 72 38 52 9 50 38 98 9 43 10 7 27 24 65 32 62
71 2 90 18 44 75 91 3 76 30 33 69 74 12 28 60 47 54 29 1 56 11 16 51 4 12 11 19 59 15 84 23 5 4 20 99 68 17 89 28 10 56 28 17 7 3 3 49 98 14 49 55 90 64 94 86 97 19 6 12 59 41 64 68 18 46 21 80 9 68 71 98 85 33 72 13 41 55 66 92 88 64 47 58 83 87 34 8 5 29 46 12 82 46 90 88 69 33 42 94
87 59 19 60 25 82 30 85 63 13 66 96 33 90 16 5 2 23 75 74 60 80 82 78 56 1 6 82 77 44 94 88 74 39 91 55 72 40 50 92 91 50 59 89 80 24 87 32 87 28 57 15 64 41 65 32 62 29 3 78 29 20 18 74 9 21 10 54 29 5 76 53 49 4 61 91 23 8 79 97 66 46 16 81 20 16 79 47 23 33 65 31 97 72 15 36 2 64 95 21
3 81 89 52 35 64 50 9 26 41 37 64 20 92 12 79 94 39 85 5 28 58 28 59 62 72 43 77 99 20 43 8 39 62 51 74 40 29 44 90 39 35 20 47 6 13 70 17 12 30 90 70 14 97 76 78 56 85 38 48 89 5 27 47 99 19 38 47 79 63 90 12 5 75 18 21 54 84 26 13 90 65 5 99 91 81 14 5 77 70 95 48 67 6 64 96 59 95 48 41
5 76 61 67 75 96 9 92 39 84 2 21 63 7 50 86 69 51 19 60 30 59 70 64 18 52 57 93 56 57 12 32 81 66 64 47 73 52 37 66 99 68 23 31 92 18 53 93 52 8 35 96 86 49 80 34 28 17 88 72 38 51 46 38 99 64 42 21 78 52 86 91 32 38 5 4 61 85 88 71 74 83 83 16 72 12 27 54 58 53 66 74 61 59 84 26 94 86 95 74
