200 20 760290334 11294 0
48 93 74 63 87 60 55 67 3 6 82 51 78 3 56 85 88 96 62 25 77 69 7 4 38 72 64 20 70 45 7 54 53 26 93 71 55 92 37 90 64 50 57 71 23 35 95 44 21 59 91 81 16 4 18 52 65 87 30 36 58 99 94 64 69 29 25 82 54 52 14 9 25 49 22 93 23 34 12 52 81 68 41 15 41 16 1 33 14 56 82 27 99 25 2 63 9 20 70 39 14 82 21 85 56 28 89 82 48 89 34 2 97 91 75 77 19 63 60 4 60 25 56 29 4 34 11 19 5 77 90 67 5 76 54 30 82 27 49 52 84 3 7 97 47 55 91 51 94 17 14 29 20 67 80 52 65 84 51 72 16 54 86 27 81 68 62 49 51 24 14 29 74 11 72 60 80 50 40 98 55 64 74 32 31 43 11 40 51 95 28 9 47 53 92 85 81 69 31 22
72 67 32 13 19 65 59 16 56 55 71 80 7 76 85 40 30 57 40 28 61 10 30 14 74 90 67 57 63 32 3 56 10 55 48 85 63 10 30 89 34 82 50 87 56 79 19 83 67 56 50 65 84 51 19 84 29 69 75 44 99 47 25 73 43 36 30 13 90 89 2 41 36 73 74 32 7 71 98 56 59 42 44 47 4 35 15 41 8 6 92 45 26 89 61 62 76 84 24 89 60 5 78 7 71 56 27 50 64 92 12 30 39 36 83 11 96 56 61 9 48 43 32 30 84 25 23 8 33 17 60 32 80 31 22 21 53 1 50 90 17 9 70 37 65 54 7 75 43 34 33 40 3 57 37 68 13 38 24 15 45 26 21 78 55 24 67 82 97 50 89 5 72 34 12 50 64 49 50 36 98 62 27 24 92 15 92 17 13 47 55 21 28 60 53 24 64 43 61 38
48 13 15 19 62 21 3 30 40 26 44 17 42 43 53 76 79 70 59 93 96 41 5 55 74 39 15 14 58 31 27 5 76 78 29 75 44 73 45 35 39 66 39 91 2 19 86 73 44 49 76 53 21 53 42 76 10 11 24 19 15 37 45 59 41 40 51 73 27 48 35 20 92 35 22 96 89 1 85 41 84 99 93 53 51 2 18 3 9 49 29 96 15 35 40 77 20 25 51 79 68 38 26 39 33 44 39 65 11 95 4 84 28 11 98 84 50 87 11 47 26 88 71 71 46 88 89 9 43 9 43 28 92 61 39 82 52 37 85 64 70 11 98 82 48 19 11 75 92 37 20 91 28 39 39 16 49 71 27 48 14 9 51 49 55 94 37 91 75 17 87 84 98 13 95 78 10 9 91 78 32 61 63 80 82 78 9 23 10 81 43 62 68 45 26 42 51 73 1 32
53 17 34 28 57 68 19 85 15 60 25 48 93 46 93 30 16 22 92 93 1 26 69 99 72 14 9 23 80 55 71 30 15 42 17 61 92 70 38 96 40 5 26 43 85 12 2 12 9 99 72 10 9 45 76 62 24 70 14 2 93 75 67 36 75 21 11 99 67 34 78 75 51 22 18 95 76 8 57 37 40 74 12 61 85 87 85 16 26 91 58 83 60 73 69 7 77 93 81 38 28 33 48 61 59 86 21 5 23 79 38 54 61 84 28 8 86 49 80 32 34 11 23 77 48 88 70 60 75 76 33 73 26 17 39 42 67 2 68 16 78 53 51 3 52 34 30 90 92 87 34 50 41 59 86 69 53 19 88 40 1 35 41 36 73 99 92 36 98 11 68 87 37 67 2 69 55 92 64 95 47 28 39 9 73 27 54 6 41 63 11 75 43 37 41 32 55 96 64 20
25 55 20 48 41 35 21 86 2 44 42 69 6 16 46 96 40 48 64 99 91 25 31 44 89 31 24 37 70 64 74 14 53 24 37 14 81 40 97 71 4 20 21 61 59 35 20 26 42 66 22 68 91 49 97 70 13 70 60 79 90 69 8 84 96 55 22 72 85 39 37 93 95 50 11 65 29 93 54 12 1 30 7 77 18 78 5 80 1 82 52 13 66 42 23 7 28 62 21 33 42 25 57 89 59 15 61 66 45 86 22 65 28 90 93 22 44 44 70 85 37 90 16 81 62 47 8 58 75 98 77 74 60 81 40 44 68 93 2 97 22 98 13 68 38 55 73 99 67 60 76 77 72 66 25 54 62 27 4 19 62 44 16 78 27 48 14 7 99 67 2 43 28 64 22 18 78 54 86 97 97 24 94 68 42 66 72 15 44 45 85 5 79 48 11 48 68 71 46 67
60 99 74 37 93 28 33 95 23 1 61 60 3 3 23 80 8 16 27 98 85 61 14 2 15 63 56 35 12 83 8 34 26 35 68 47 99 49 52 63 89 78 81 89 3 74 56 3 82 75 20 98 77 98 87 28 83 40 50 59 10 34 5 48 38 4 39 38 54 4 41 37 87 54 28 67 51 77 47 77 74 14 26 69 58 7 98 38 25 6 17 58 75 18 27 24 94 59 42 43 33 41 32 79 22 23 36 50 11 70 69 49 78 7 2 17 34 9 49 31 71 7 25 29 5 50 39 57 18 22 43 60 4 61 90 88 64 21 10 3 76 85 59 61 61 11 68 68 61 16 31 74 11 23 77 66 64 45 82 5 22 98 12 5 30 60 47 27 75 26 92 36 8 10 35 95 48 39 92 86 71 50 90 97 92 93 48 41 58 79 65 34 84 46 64 20 66 49 96 32
28 85 37 67 76 79 94 92 89 10 86 50 59 66 46 19 82 29 49 2 65 54 60 3 23 82 24 91 57 43 62 25 55 17 11 70 37 91 54 33 18 21 82 6 90 90 89 30 8 88 20 18 28 90 21 83 38 56 26 17 57 20 70 69 78 36 4 92 40 45 55 15 92 85 59 17 35 61 91 7 51 46 42 26 66 74 62 5 75 96 6 8 89 28 89 76 82 75 43 61 62 22 99 91 55 66 90 38 48 11 71 78 84 1 75 45 55 15 69 78 30 85 12 32 29 53 46 47 56 60 24 90 70 16 98 85 57 18 45 26 16 79 66 74 11 17 11 94 60 99 68 45 60 77 16 32 79 71 55 23 28 35 72 92 39 39 58 26 15 86 25 83 82 78 84 77 95 73 2 94 40 48 64 24 13 90 92 43 85 84 44 64 94 85 7 74 87 14 25 51
28 16 1 58 7 78 76 36 81 15 59 21 28 10 86 93 81 91 54 87 86 76 36 76 82 50 61 11 25 29 72 61 64 23 10 62 77 67 56 52 81 37 62 51 45 29 45 75 27 75 91 80 75 26 16 81 92 66 92 93 81 14 4 87 33 65 81 44 90 45 27 77 89 55 14 6 32 9 67 29 78 34 11 20 43 7 71 25 99 25 50 39 91 50 37 36 29 29 28 9 18 93 73 53 52 33 72 11 73 78 26 16 30 39 38 72 42 68 86 76 34 53 93 31 70 20 72 41 38 23 84 79 63 80 50 87 30 9 71 6 38 73 79 89 30 63 88 91 9 49 5 97 46 63 10 80 6 34 31 66 24 21 30 57 15 88 94 60 51 1 85 66 40 76 82 31 27 27 29 72 64 91 49 95 54 29 98 38 55 22 73 4 59 19 35 95 4 43 38 54
14 1 33 91 56 51 3 53 91 5 25 5 70 68 89 56 50 40 54 29 71 3 54 80 76 87 34 78 50 18 49 77 23 8 11 90 91 80 74 65 5 80 79 23 78 60 97 20 91 7 95 21 87 59 10 29 27 47 76 55 47 55 93 49 30 30 11 17 92 42 20 76 14 52 6 84 71 96 30 39 87 88 45 5 51 48 85 41 56 31 22 47 26 95 23 26 16 1 35 21 81 64 41 63 10 35 67 26 60 96 15 90 66 72 33 88 49 46 41 83 8 32 13 18 79 91 83 84 53 20 75 46 88 23 57 37 63 61 92 41 84 76 88 69 7 78 10 88 46 21 35 65 83 8 80 25 78 59 42 69 57 16 47 79 22 44 42 95 53 49 54 3 29 71 2 70 10 38 30 60 4 45 56 9 68 15 67 32 32 59 90 67 2 43 87 78 2 37 13 19
41 58 30 14 7 23 55 48 13 12 78 76 12 3 75 26 91 27 52 7 93 56 27 1 33 89 28 90 87 82 3 2 45 3 73 93 4 42 98 28 86 22 94 58 30 33 23 34 29 27 28 66 66 72 83 12 53 42 26 87 55 74 81 62 3 55 15 84 54 35 66 64 51 51 19 87 79 91 53 25 75 67 34 35 67 28 68 91 56 78 28 12 82 30 14 9 26 36 76 9 27 22 21 4 18 25 5 96 16 49 80 53 23 28 11 16 1 51 47 27 6 34 10 58 6 65 32 38 76 83 86 17 86 48 86 98 14 27 77 49 28 60 28 43 52 88 91 84 19 58 77 90 13 14 57 86 24 92 69 8 57 19 35 64 2 42 52 31 47 33 41 12 82 55 49 50 62 99 65 32 30 63 39 17 60 76 13 41 85 15 66 64 97 75 49 25 99 66 23 60
28 59 16 31 73 3 57 72 84 24 41 9 67 78 54 32 57 38 31 51 50 15 19 38 49 74 86 72 63 87 5 2 94 10 54 82 48 69 49 46 14 26 62 43 63 10 3 30 35 13 62 50 83 12 58 48 16 24 14 52 36 52 62 19 58 4 13 69 24 37 36 76 32 54 14 75 98 87 84 69 50 59 84 79 37 70 42 72 34 80 9 27 53 94 59 89 53 25 32 13 65 55 67 60 55 47 6 13 45 30 56 83 66 22 21 35 15 66 48 11 97 67 32 9 42 70 93 22 94 33 47 4 88 25 5 1 85 90 16 31 66 94 93 22 42 21 88 71 22 48 11 49 98 63 56 84 46 67 79 71 56 36 58 7 97 27 26 68 21 32 36 27 97 17 85 83 16 98 8 56 28 82 28 82 7 19 87 14 2 43 29 52 85 10 61 87 58 4 41 84
69 59 36 1 8 40 21 63 33 91 76 4 60 74 7 19 37 61 13 67 83 90 88 98 53 49 23 79 47 74 64 98 14 27 23 33 71 56 27 78 76 4 92 94 59 91 32 32 60 53 93 2 70 85 87 5 29 20 66 20 43 81 15 45 31 21 59 13 62 51 72 38 96 7 79 17 61 67 31 48 64 51 74 31 52 61 91 31 45 82 6 87 10 62 96 63 33 18 69 83 58 51 25 99 40 20 68 12 36 79 40 47 49 74 9 91 9 95 79 17 10 29 25 76 57 96 40 24 71 28 9 26 93 23 75 22 41 31 19 12 26 66 15 90 67 82 26 66 92 40 76 38 77 21 9 67 59 19 14 75 27 3 54 56 2 41 81 70 13 42 71 24 66 25 2 86 1 81 94 17 67 26 42 17 90 18 51 25 51 4 40 3 26 65 13 43 29 27 31 46
64 17 42 1 2 69 3 27 7 95 52 62 76 9 75 17 18 54 14 2 95 25 6 92 90 66 90 21 55 43 32 10 62 1 81 61 87 10 84 99 93 23 82 29 73 94 90 70 38 3 32 63 40 96 83 61 15 44 95 22 19 33 70 15 67 58 58 48 69 78 58 2 63 14 80 9 26 69 24 66 71 21 9 67 4 94 9 72 60 47 4 88 14 8 8 14 82 21 58 49 22 99 90 87 11 97 70 10 34 29 72 7 29 26 14 74 79 21 86 48 63 9 93 28 32 63 16 73 72 58 55 67 51 51 69 74 59 60 31 70 43 28 12 1 85 38 46 44 65 37 69 6 83 14 48 38 25 52 60 29 69 23 36 6 16 98 86 52 62 74 86 19 57 18 27 30 35 65 29 29 24 14 49 23 61 60 99 42 92 64 92 14 83 61 17 83 11 68 64 76
4 19 64 17 34 83 92 44 44 67 26 12 61 33 90 93 27 22 14 54 84 4 20 95 3 76 57 90 15 90 42 17 8 89 26 17 60 21 33 64 75 21 8 88 47 9 75 94 67 28 67 55 92 41 16 1 30 33 94 64 27 24 95 74 32 54 28 11 67 54 4 40 53 94 68 62 73 30 5 7 72 17 8 86 1 60 70 20 1 58 30 14 26 64 2 95 5 24 23 29 69 8 66 64 75 25 5 55 93 76 37 40 98 78 7 94 14 27 30 13 16 54 11 69 3 31 99 75 68 39 87 88 21 86 47 53 41 61 61 11 50 84 1 77 15 67 50 42 99 20 91 31 27 23 59 37 61 85 56 60 28 59 61 13 46 94 59 92 10 4 92 35 70 10 60 47 78 31 20 75 92 66 18 22 68 47 30 38 71 7 75 2 90 41 14 73 73 45 27 54
6 11 73 27 24 14 29 93 79 72 8 64 71 28 42 66 95 1 55 92 91 75 99 65 78 2 65 12 85 38 26 38 78 8 80 76 7 27 78 33 98 87 86 91 49 24 39 88 17 13 66 91 30 88 73 20 52 62 50 38 96 88 21 28 60 25 32 55 47 99 22 41 31 24 88 19 15 66 15 17 68 15 64 97 71 74 62 3 4 68 44 41 33 72 34 26 60 77 46 93 26 93 7 73 4 87 34 81 91 24 88 43 60 97 73 97 2 18 70 20 25 58 79 45 54 37 42 18 99 97 43 55 20 23 34 56 51 73 48 41 64 93 56 77 22 22 23 2 38 98 54 80 9 74 36 8 61 61 17 35 21 34 81 40 44 24 13 92 88 98 9 67 29 76 39 33 49 51 1 10 13 72 18 25 29 95 71 75 43 31 72 87 30 11 96 90 88 95 22 90
38 56 83 15 66 68 13 88 72 91 80 6 57 45 57 71 77 65 36 5 6 67 61 9 48 92 19 57 46 87 62 45 84 70 84 51 49 72 82 50 57 23 28 39 16 52 41 83 62 27 23 77 43 86 22 69 29 51 47 75 25 30 61 64 25 32 8 81 62 22 71 76 31 45 59 92 62 52 89 85 36 81 43 31 70 88 46 97 92 89 59 10 11 48 16 55 45 35 21 11 69 34 2 93 70 20 25 79 65 88 40 93 2 94 63 55 25 24 62 27 23 58 29 21 53 49 96 30 10 85 13 70 38 73 69 33 23 60 81 16 54 32 7 99 24 65 81 37 38 6 62 79 93 72 66 98 34 4 39 18 78 59 84 54 34 30 37 44 18 45 5 79 70 65 63 9 91 77 46 15 15 35 22 46 91 99 96 57 94 86 75 50 39 83 66 49 48 11 68 88
70 40 1 84 21 7 78 80 56 60 50 10 36 6 40 49 56 33 25 52 62 77 49 76 83 14 5 75 73 26 62 72 63 14 82 22 16 77 98 12 55 96 37 13 43 56 60 25 54 85 80 98 8 39 8 82 46 68 38 23 11 90 68 71 1 83 84 27 27 77 16 31 98 87 84 73 27 97 73 70 19 60 80 31 95 98 79 94 91 34 33 20 71 26 38 27 80 23 60 47 48 13 67 7 98 33 47 48 94 65 63 88 41 80 81 14 73 44 48 11 22 48 18 46 14 31 72 32 58 83 13 42 2 65 34 36 23 10 35 92 88 17 34 7 77 97 68 47 98 55 73 69 53 41 13 18 45 59 88 49 30 56 56 36 73 53 74 34 2 90 97 93 78 35 23 53 25 78 28 65 33 24 69 26 68 95 1 36 27 24 62 45 52 38 96 87 79 71 78 10
79 90 68 92 18 50 12 10 57 18 25 5 71 98 34 28 42 92 93 3 76 38 98 34 85 84 25 83 87 81 89 55 66 98 7 98 53 51 50 86 47 25 51 98 86 51 54 83 10 79 64 20 49 72 82 99 94 86 98 13 69 1 80 29 3 49 26 61 57 44 98 59 67 79 94 59 35 44 43 53 91 3 51 54 6 12 30 57 70 11 66 67 7 70 59 16 53 21 34 60 31 69 9 71 54 4 67 11 23 25 31 77 17 18 24 65 57 62 54 28 12 52 11 17 9 92 40 1 5 24 65 36 8 32 5 55 46 96 81 35 91 58 51 29 52 58 5 79 72 59 44 20 71 52 86 26 59 70 36 50 85 38 1 61 36 51 22 67 54 8 89 35 41 59 41 89 79 40 43 86 26 93 78 75 70 93 80 55 39 62 47 99 18 3 48 42 73 45 10 87
34 3 31 74 35 66 15 91 98 5 24 68 45 60 4 41 33 49 71 47 51 77 73 68 96 60 76 85 40 27 50 16 73 27 26 17 59 94 88 95 24 18 70 11 48 17 87 7 69 9 96 34 56 56 30 61 35 62 73 21 3 31 95 28 84 69 51 77 97 76 83 8 85 9 19 80 73 5 71 28 88 70 43 56 57 66 17 92 89 52 40 24 43 37 61 41 6 38 32 82 4 60 55 49 76 57 21 34 80 56 33 16 4 36 77 18 71 77 42 98 62 53 22 24 88 22 92 67 56 26 85 86 50 40 69 50 65 33 93 70 93 53 3 99 72 90 69 5 72 82 7 94 36 27 23 81 20 93 78 51 26 44 45 54 59 14 50 92 14 5 4 35 45 82 4 69 98 36 55 23 5 79 21 34 76 12 8 15 37 64 25 29 3 29 29 28 41 34 51 4
60 6 82 97 74 61 16 74 84 26 19 86 22 23 8 62 46 45 83 42 97 75 50 43 77 70 91 58 57 97 20 48 43 5 23 2 71 3 25 3 7 72 14 50 38 27 3 9 67 32 87 29 70 66 65 32 81 95 21 82 53 2 16 49 23 75 76 4 41 36 3 7 19 59 37 66 48 66 43 57 97 19 15 66 97 2 41 83 89 86 69 49 54 59 64 69 2 40 21 10 13 47 81 10 80 29 71 80 6 86 46 12 78 57 38 30 32 62 72 88 16 27 4 35 62 72 15 38 81 95 71 73 52 15 35 68 67 1 84 52 40 2 38 3 99 66 48 95 20 95 72 8 40 95 29 73 23 32 9 49 21 33 20 73 4 36 52 60 27 72 15 42 26 45 27 55 39 87 88 69 4 87 60 27 73 3 2 39 17 68 38 48 42 74 36 49 27 22 45 32
