50 10 379008056 2724 0
98 9 48 38 50 40 75 42 43 86 48 92 19 37 60 26 18 28 39 33 92 38 72 85 30 90 47 48 15 86 48 66 21 13 72 14 30 36 25 5 26 12 34 8 81 12 30 62 51 30
81 94 14 29 26 37 43 30 11 43 6 17 89 59 68 47 1 7 46 92 64 45 34 57 89 35 70 66 64 24 70 61 36 28 8 15 43 37 86 99 46 93 49 51 73 50 38 30 64 23
6 13 19 13 96 10 58 73 19 13 94 60 30 9 27 51 50 32 38 23 31 75 99 73 71 3 26 38 25 31 47 58 29 52 41 8 85 84 73 99 96 57 65 83 11 48 16 4 87 31
43 12 4 40 24 71 77 92 38 27 71 55 42 44 99 44 48 20 24 15 10 33 73 99 48 13 68 42 47 52 86 44 67 33 46 65 9 76 6 85 39 87 77 49 99 70 92 94 12 5
27 57 88 46 87 31 96 59 94 59 35 15 41 41 35 16 2 13 93 2 19 13 14 58 3 97 25 30 8 34 81 90 96 57 91 76 10 77 73 27 56 83 33 47 98 8 38 30 5 81
15 10 83 64 93 73 1 76 12 56 78 1 61 13 92 10 58 80 3 54 62 97 94 93 72 87 34 5 49 7 27 74 36 52 63 61 92 93 1 85 34 6 64 17 88 46 94 85 56 2
16 3 1 29 45 25 83 85 15 92 93 47 77 91 79 71 25 2 67 79 42 47 55 72 88 74 36 3 79 22 70 43 31 98 87 28 10 13 89 53 43 52 64 27 4 63 15 62 70 66
16 21 6 34 54 13 96 14 80 99 48 69 28 60 49 2 19 82 25 98 59 44 90 47 80 30 12 2 40 73 22 39 85 55 24 48 61 37 90 21 88 44 99 69 73 19 90 48 11 49
31 95 21 29 3 51 20 46 21 54 86 18 94 90 87 13 90 63 38 81 19 55 71 99 91 27 79 92 19 90 66 16 26 65 80 53 45 81 42 43 77 70 70 13 39 40 30 82 23 5
78 82 29 24 88 48 16 26 63 89 12 26 67 83 40 20 77 18 76 57 70 62 69 2 22 66 40 28 67 75 22 48 85 86 2 47 75 71 78 54 55 18 51 96 6 40 44 49 81 15
